1
1
1
1
1
1
1
1
1
1
1
1
1
1
1
1
1
1
1
1
1
1
1
1
1
1
1
1
1
1
1
1
1
1
1
1
1
1
1
1
1
1
1
1
1
1
1
1
1
1
1
1
1
1
1
1
1
1
1
1
1
1
1
1
1
1
1
1
1
1
1
1
1
1
1
1
1
1
1
1
1
1
1
1
1
1
1
1
1
1
1
1
1
1
1
1
1
1
1
1
2
2
2
2
2
2
2
2
2
2
6
1
5
5
9
162
1
58
68
1
35
1
1
1
1
2
1
1
1
1
1
1
1
1
2
38
3
28
2
12
16
26
1
1
1
1
1
1
1
48
1
1
1
9
6
6
7
2
2
10
1
16
22
8
4
2
8
1
8
1
1
1
9
1
5
1
4
9
8
1
3
1
3
3
3
2
1
1
1
1
21
20
5
1
27
3
6
18
6
1
1
5
5
4
1
1
1
3
1
8
3
3
3
1
1
1
20
1
1
1
1
2
5
2
1
1
1
1
1
1
1
1
1
1
1
4
8
1
69
5
1
1
3
1
1
1
1
1
1
1
2
2
2
2
2
1
1
1
1
1
1
1
1
1
2
3
3
5
5
1
1
1
1
1
1
2
1
1
1
1
1
1
1
1
56
2
1
1
1
1
25
273
4
2
2
7
72
25
1
17
11
15
11
7
20
8
5
22
15
14
5
18
9
17
15
6
73
43
12
10
10
31
8
5
16
4
4
3
4
5
5
4
4
4
8
4
4
4
8
11
11
333
12
22
17
20
5
7
11
4
14
14
4
19
4
7
9
9
8
7
5
3
5
3
10
5
4
5
16
8
3
6
13
15
14
9
5
4
13
5
7
7
4
8
7
3
27
7
7
7
7
7
5
13
5
11
3
4
4
6
6
377
3
3
12
4
3
5
16
4
16
35
8
34
7
316
6
4
3
4
19
7
5
5
5
37
26
14
4
4
32
20
32
16
8
4
14
17
7
12
4
5
4
4
14
4
4
4
4
4
4
6
11
8
7
2
24
4
4
4
4
4
4
4
4
4
12
2
48
7
7
7
7
7
4
2
26
4
4
4
4
4
4
4
2
16
4
4
4
4
4
4
2
24
27
376
13
41
33
24
7
7
31
4
4
4
4
7
7
3
19
22
72
47
21
9
55
25
25
18
8
3
4
11
5
15
22
10
10
10
10
10
10
10
10
10
9
9
9
4
4
4
4
4
4
4
4
4
4
5
5
9
5
6
6
7
6
6
9
9
7
8
7
6
6
6
6
6
6
11
9
12
7
7
7
14
6
7
7
6
6
6
7
6
6
6
6
6
6
14
6
6
6
6
42
12
18
5
5
8
5
9
5
5
10
4
4
5
46
8
10
4
10
4
10
4
10
4
10
4
10
4
10
4
10
4
10
4
6
6
4
4
4
4
10
7
11
11
5
4
4
4
4
53
42
9
5
4
6
4
4
6
6
34
21
17
10
16
12
5
5
7
5
5
5
7
7
9
7
7
7
5
5
4
6
8
6
21
5
6
6
6
5
5
4
5
5
5
5
4
7
3
5
5
4
5
5
5
4
3
6
5
6
4
5
5
5
5
4
4
4
4
4
4
4
5
7
4
5
5
4
4
4
5
5
4
4
4
4
5
5
4
4
4
4
5
5
4
4
4
4
5
5
4
4
35
13
9
6
6
3
5
5
3
19
19
19
19
19
19
19
19
19
21
21
21
21
21
21
21
21
21
12
22
15
6
6
6
6
22
15
6
6
6
6
22
15
6
6
6
6
22
15
6
6
6
6
22
15
6
6
6
6
22
15
6
6
6
6
22
15
6
6
6
6
22
15
6
6
6
6
22
15
6
6
6
6
11
9
9
9
6
6
6
6
4
4
4
4
4
4
4
5
5
5
5
5
5
5
5
5
5
5
5
7
8
9
8
7
6
6
6
7
7
8
6
4
4
4
4
10
10
10
9
5
5
4
4
1
1
4
1
8
7
4
6
9
4
39
19
28
28
8
8
15
12
21
31
32
32
25
13
11
11
11
11
10
30
15
9
9
17
18
16
20
50
11
2
10
4
13
27
2
48
47
4
4
3
12
13
14
13
32
21
10
8
11
4
4
4
4
8
7
6
11
8
3
6
5
2
14
5
4
5
6
6
8
4
7
8
9
5
4
5
17
14
5
5
6
6
4
8
9
2
2
8
9
3
6
8
6
8
5
4
4
5
3
3
3
6
9
8
3
5
19
2
2
4
5
3
4
4
4
31
80
28
5
3
4
3
3
24
4
11
11
8
5
5
5
5
3
26
4
1
9
41
19
3
6
15
15
13
11
17
5
9
21
7
8
6
1
3
1
2
3
3
13
13
12
11
5
6
5
6
5
1
25
17
16
6
5
5
3
6
17
22
20
14
5
9
10
12
4
5
10
7
11
15
9
4
10
10
51
51
50
51
51
50
13
6
13
6
13
6
13
6
13
6
13
6
8
4
8
4
4
4
11
9
18
24
17
11
6
6
3
3
7
6
4
3
4
7
3
7
3
3
3
5
3
5
4
3
2
6
4
3
4
3
1
1
1
1
1
1
16
8
1
12
12
12
12
12
12
11
4
6
19
1
3
8
3
3
9
3
5
4
5
5
1
3
3
1
5
6
3
1
1
8
12
5
10
4
1
1
1
1
2
4
3
3
16
5
5
1
3
6
11
7
8
4
3
7
7
3
1
1
9
4
5
0
0
0
0
0
0
0
0
0
0
0
0
0
0
0
0
0
0
0
0
0
0
0
0
0
0
0
0
0
0
0
0
0
0
0
0
0
0
0
0
0
0
0
0
0
0
0
0
0
0
0
0
0
0
0
0
0
0
0
0
0
0
0
0
0
0
0
0
0
0
0
0
0
0
0
0
0
0
0
0
0
0
0
0
0
0
0
0
0
0
0
0
0
0
0
0
0
0
0
0
0
0
0
0
0
0
0
0
0
0
0
0
0
0
0
0
0
0
0
0
0
0
0
0
0
0
0
0
0
0
0
0
0
0
0
0
0
0
0
0
0
0
0
0
0
0
0
0
0
0
0
0
0
0
0
0
0
0
0
0
0
0
0
0
0
0
0
0
0
0
0
0
0
0
0
0
0
0
0
0
0
0
0
0
0
0
0
0
0
0
0
0
0
0
0
0
0
0
0
0
0
0
0
0
0
0
0
0
0
0
0
0
0
0
0
0
0
0
0
0
0
0
0
0
0
0
0
0
0
0
0
0
0
0
0
0
0
0
0
0
0
0
0
0
0
0
0
0
0
0
0
0
0
0
0
0
0
0
0
0
0
0
0
0
0
0
0
0
0
0
0
0
0
0
0
0
0
0
0
0
0
0
0
0
0
0
0
0
0
0
0
0
0
0
0
0
0
0
0
0
0
0
0
0
0
0
0
0
0
0
0
0
0
0
0
0
0
0
0
0
0
0
0
0
0
0
0
0
0
0
0
0
0
0
0
0
0
0
0
0
0
0
0
0
0
0
0
0
0
0
0
0
0
0
0
0
0
0
0
0
0
0
0
0
0
0
0
0
0
0
0
0
0
0
0
0
0
0
0
0
0
0
0
0
0
0
0
0
0
0
0
0
0
0
0
0
0
0
0
0
0
0
0
0
0
0
0
0
0
0
0
0
0
0
0
0
0
0
0
0
0
0
0
0
0
0
0
0
0
0
0
0
0
